0
0
0
0
0
0
0
0
0
9.85684
9.85684
9.85684
9.85684
9.85684
9.85684
9.85684
9.85684
9.85684
9.85684
9.85684
9.85684
9.85684
9.85684
9.85684
9.85684
9.85684
9.85684
9.85684
9.85684
9.85684
9.85684
9.85684
9.85684
9.85684
9.85684
9.85684
9.85684
9.85684
9.85684
9.85684
9.85684
9.85684
9.85684
9.85684
9.85684
35.5392
35.5392
35.5392
35.5392
35.5392
35.5392
35.5392
35.5392
35.5392
35.5392
35.5392
35.5392
35.5392
35.5392
35.5392
35.5392
35.5392
35.5392
35.5392
35.5392
35.5392
35.5392
35.5392
35.5392
35.5392
35.5392
35.5392
35.5392
35.5392
35.5392
35.5392
14.6195
14.6195
14.6195
14.6195
14.6195
14.6195
14.6195
14.6195
14.6195
14.6195
14.6195
14.6195
14.6195
14.6195
14.6195
14.6195
14.6195
14.6195
14.6195
14.6195
14.6195
14.6195
14.6195
14.6195
14.6195
14.6195
14.6195
14.6195
14.6195
14.6195
14.6195
14.6195
14.6195
14.6195
14.6195
14.6195
14.6195
14.6195
14.6195
38.3981
38.3981
38.3981
38.3981
38.3981
38.3981
38.3981
38.3981
38.3981
38.3981
38.3981
38.3981
38.3981
38.3981
38.3981
38.3981
38.3981
38.3981
38.3981
38.3981
38.3981
38.3981
38.3981
38.3981
38.3981
38.3981
38.3981
38.3981
38.3981
38.3981
38.3981
38.3981
38.3981
38.3981
38.3981
38.3981
38.3981
38.3981
37.4545
37.4545
37.4545
37.4545
37.4545
37.4545
37.4545
37.4545
37.4545
37.4545
37.4545
37.4545
37.4545
37.4545
37.4545
37.4545
37.4545
37.4545
37.4545
37.4545
37.4545
37.4545
37.4545
37.4545
37.4545
37.4545
37.4545
37.4545
37.4545
37.4545
37.4545
37.4545
37.4545
37.4545
37.4545
37.4545
37.4545
36.3427
36.3427
36.3427
36.3427
36.3427
36.3427
36.3427
36.3427
36.3427
36.3427
36.3427
36.3427
36.3427
36.3427
36.3427
36.3427
36.3427
36.3427
36.3427
36.3427
36.3427
36.3427
36.3427
36.3427
36.3427
36.3427
36.3427
36.3427
36.3427
36.3427
36.3427
36.3427
36.3427
36.3427
36.3427
36.3427
36.3427
36.3427
37.6482
37.6482
37.6482
37.6482
37.6482
37.6482
37.6482
37.6482
37.6482
37.6482
37.6482
37.6482
37.6482
37.6482
37.6482
37.6482
37.6482
37.6482
37.6482
37.6482
37.6482
37.6482
37.6482
37.6482
37.6482
37.6482
37.6482
37.6482
37.6482
37.6482
37.6482
37.6482
37.6482
37.6482
37.6482
37.6482
37.6482
37.6482
37.8366
37.8366
37.8366
37.8366
37.8366
37.8366
37.8366
37.8366
37.8366
37.8366
37.8366
37.8366
37.8366
37.8366
37.8366
37.8366
37.8366
37.8366
37.8366
37.8366
37.8366
37.8366
37.8366
37.8366
37.8366
37.8366
37.8366
37.8366
37.8366
37.8366
37.8366
37.8366
37.8366
37.8366
37.8366
37.8366
37.8366
37.8366
37.8366
38.1241
38.1241
38.1241
38.1241
38.1241
38.1241
38.1241
38.1241
38.1241
38.1241
38.1241
38.1241
38.1241
38.1241
38.1241
38.1241
38.1241
38.1241
38.1241
38.1241
38.1241
38.1241
38.1241
38.1241
38.1241
38.1241
38.1241
38.1241
